301756,33,0,D_MN10/R09_00.arc
536744,5,0,D_MN04/R06_00.arc
473208,34,0,D_MN04/R11_00.arc
535124,33,0,D_MN04/R09_00.arc
536808,157,0,D_MN04/R06_00.arc
536776,4,0,D_MN04/R06_00.arc
473176,154,0,D_MN04/R11_00.arc
547508,253,0,D_MN04/R01_00.arc
536392,33,0,D_MN04/R14_00.arc
536456,249,0,D_MN04/R14_00.arc
568552,183,0,D_MN04/R17_00.arc
469688,200,0,D_MN04/R16_00.arc
422240,134,0,D_MN04/R04_00.arc
557148,134,0,D_MN04/R03_00.arc
557180,5,0,D_MN04/R03_00.arc
556664,34,0,D_MN04/R07_00.arc
556632,23,0,D_MN04/R07_00.arc
556696,134,0,D_MN04/R07_00.arc
719000,4,0,D_MN09/R15_00.arc
405168,3,0,D_MN09/R14_00.arc
405136,141,0,D_MN09/R14_00.arc
443788,141,0,D_MN09/R09_00.arc
443756,15,0,D_MN09/R09_00.arc
443724,141,0,D_MN09/R09_00.arc
443692,4,0,D_MN09/R09_00.arc
517280,215,0,D_MN09/R02_00.arc
539404,6,0,D_MN09/R01_00.arc
539436,15,0,D_MN09/R01_00.arc
539372,5,0,D_MN09/R01_00.arc
718968,33,0,D_MN09/R15_00.arc
195724,81,0,D_MN09/R08_00.arc
195532,190,0,D_MN09/R08_00.arc
195596,4,0,D_MN09/R08_00.arc
195404,33,0,D_MN09/R08_00.arc
195788,173,0,D_MN09/R08_00.arc
195500,5,0,D_MN09/R08_00.arc
195628,15,0,D_MN09/R08_00.arc
195436,3,0,D_MN09/R08_00.arc
195756,3,0,D_MN09/R08_00.arc
195692,33,0,D_MN09/R08_00.arc
195660,4,0,D_MN09/R08_00.arc
195468,5,0,D_MN09/R08_00.arc
195564,152,0,D_MN09/R08_00.arc
407232,23,0,D_MN09/R13_00.arc
407168,34,0,D_MN09/R13_00.arc
427204,6,0,D_MN01/R09_00.arc
427268,5,0,D_MN01/R09_00.arc
427236,33,0,D_MN01/R09_00.arc
319840,53,0,D_MN01/R06_00.arc
687420,5,0,D_MN01/R03_00.arc
687388,201,0,D_MN01/R03_00.arc
687356,34,0,D_MN01/R03_00.arc
687324,5,0,D_MN01/R03_00.arc
310524,23,0,D_MN01B/R51_00.arc
386404,155,0,D_MN01/R08_00.arc
386372,135,0,D_MN01/R08_00.arc
254928,147,0,D_MN01/R07_00.arc
254960,184,0,D_MN01/R07_00.arc
450700,101,0,D_MN01/R10_00.arc
450668,6,0,D_MN01/R10_00.arc
534968,135,0,D_MN01/R00_00.arc
535000,135,0,D_MN01/R00_00.arc
480132,5,0,D_MN01/R01_00.arc
531140,202,0,D_MN01/R05_00.arc
327248,12,0,D_MN01/R12_00.arc
327216,1,0,D_MN01/R12_00.arc
274112,5,0,D_MN01/R11_00.arc
274144,33,0,D_MN01/R11_00.arc
274176,6,0,D_MN01/R11_00.arc
455480,4,0,D_MN01/R13_00.arc
455512,10,0,D_MN01/R13_00.arc
