//ARC
301756,0,148,0,D_MN10/R09_00.arc,0
455132,0,7,0,D_MN10B/R51_00.arc,0
327944,0,136,0,D_MN10/R15_00.arc,0
352916,0,168,0,D_MN10/R04_00.arc,0
352948,0,136,0,D_MN10/R04_00.arc,0
406396,0,136,0,D_MN10/R00_00.arc,0
149580,0,136,0,D_MN10/R14_00.arc,0
164728,0,136,0,D_MN10/R16_00.arc,0
520484,0,131,0,D_MN10/R13_00.arc,0
520516,0,4,0,D_MN10/R13_00.arc,0
520548,0,34,0,D_MN10/R13_00.arc,0
520452,0,74,0,D_MN10/R13_00.arc,0
520420,0,3,0,D_MN10/R13_00.arc,0
456092,0,16,0,D_MN10/R02_00.arc,0
456060,0,185,0,D_MN10/R02_00.arc,0
342612,0,3,0,D_MN10/R06_00.arc,0
342644,0,5,0,D_MN10/R06_00.arc,0
200204,0,6,0,D_MN10/R07_00.arc,0
200172,0,6,0,D_MN10/R07_00.arc,0
491160,0,5,0,D_MN07B/R51_00.arc,0
548752,0,4,0,D_MN07/R11_00.arc,0
548816,0,5,0,D_MN07/R11_00.arc,0
548784,0,237,0,D_MN07/R11_00.arc,0
520404,0,150,0,D_MN07/R02_00.arc,0
623704,0,6,0,D_MN07/R13_00.arc,0
623704,0,6,0,D_MN07/R13_00.arc,0
569540,0,33,0,D_MN07/R14_00.arc,0
520436,0,5,0,D_MN07/R02_00.arc,0
555236,0,188,0,D_MN07/R05_00.arc,0
525136,0,4,0,D_MN07/R07_00.arc,0
525104,0,6,0,D_MN07/R07_00.arc,0
525168,0,6,0,D_MN07/R07_00.arc,0
543048,0,171,0,D_MN07/R04_00.arc,0
623300,0,3,0,D_MN07/R00_00.arc,0
623268,0,5,0,D_MN07/R00_00.arc,0
557564,0,3,0,D_MN07/R12_00.arc,0
557500,0,63,0,D_MN07/R12_00.arc,0
557596,0,144,0,D_MN07/R12_00.arc,0
557532,0,64,0,D_MN07/R12_00.arc,0
527992,0,6,0,D_MN07/R10_00.arc,0
527928,0,139,0,D_MN07/R10_00.arc,0
528024,0,33,0,D_MN07/R10_00.arc,0
527960,0,16,0,D_MN07/R10_00.arc,0
519540,0,146,0,D_MN05/R01_00.arc,0
386796,0,6,0,D_MN05/R00_00.arc,0
386764,0,153,0,D_MN05/R00_00.arc,0
386828,0,182,0,D_MN05/R00_00.arc,0
406776,0,6,0,D_MN05/R11_00.arc,0
519508,0,66,0,D_MN05/R01_00.arc,0
551264,0,5,0,D_MN05/R22_00.arc,0
311928,0,133,0,D_MN05/R10_00.arc,0
400100,0,75,0,D_MN05/R02_00.arc,0
497940,0,133,0,D_MN05/R05_00.arc,0
473268,0,16,0,D_MN05/R03_00.arc,0
497972,0,4,0,D_MN05/R05_00.arc,0
498004,0,14,0,D_MN05/R05_00.arc,0
375664,0,133,0,D_MN05/R09_00.arc,0
536744,0,157,0,D_MN04/R06_00.arc,0
473208,0,154,0,D_MN04/R11_00.arc,0
535124,0,6,0,D_MN04/R09_00.arc,0
536808,0,6,0,D_MN04/R06_00.arc,0
536776,0,134,0,D_MN04/R06_00.arc,0
473176,0,6,0,D_MN04/R11_00.arc,0
547508,0,68,0,D_MN04/R01_00.arc,0
536392,0,183,0,D_MN04/R14_00.arc,0
536456,0,5,0,D_MN04/R14_00.arc,0
568552,0,4,0,D_MN04/R17_00.arc,0
469688,0,3,0,D_MN04/R16_00.arc,0
422240,0,3,0,D_MN04/R04_00.arc,0
557148,0,134,0,D_MN04/R03_00.arc,0
557180,0,6,0,D_MN04/R03_00.arc,0
556664,0,134,0,D_MN04/R07_00.arc,0
556632,0,22,0,D_MN04/R07_00.arc,0
556696,0,6,0,D_MN04/R07_00.arc,0
719000,0,152,0,D_MN09/R15_00.arc,0
405168,0,4,0,D_MN09/R14_00.arc,0
405136,0,190,0,D_MN09/R14_00.arc,0
443788,0,7,0,D_MN09/R09_00.arc,0
443756,0,4,0,D_MN09/R09_00.arc,0
443724,0,33,0,D_MN09/R09_00.arc,0
443692,0,141,0,D_MN09/R09_00.arc,0
517280,0,1,0,D_MN09/R02_00.arc,0
539404,0,173,0,D_MN09/R01_00.arc,0
539436,0,33,0,D_MN09/R01_00.arc,0
539372,0,33,0,D_MN09/R01_00.arc,0
718968,0,141,0,D_MN09/R15_00.arc,0
195724,0,63,0,D_MN09/R08_00.arc,0
195532,0,243,0,D_MN09/R08_00.arc,0
195596,0,33,0,D_MN09/R08_00.arc,0
195404,0,33,0,D_MN09/R08_00.arc,0
195788,0,6,0,D_MN09/R08_00.arc,0
195500,0,33,0,D_MN09/R08_00.arc,0
195628,0,6,0,D_MN09/R08_00.arc,0
195436,0,1,0,D_MN09/R08_00.arc,0
195756,0,6,0,D_MN09/R08_00.arc,0
195692,0,3,0,D_MN09/R08_00.arc,0
195660,0,5,0,D_MN09/R08_00.arc,0
195468,0,15,0,D_MN09/R08_00.arc,0
195564,0,5,0,D_MN09/R08_00.arc,0
407232,0,15,0,D_MN09/R13_00.arc,0
407168,0,6,0,D_MN09/R13_00.arc,0
427204,0,135,0,D_MN01/R09_00.arc,0
427268,0,4,0,D_MN01/R09_00.arc,0
427236,0,6,0,D_MN01/R09_00.arc,0
319840,0,147,0,D_MN01/R06_00.arc,0
687420,0,184,0,D_MN01/R03_00.arc,0
687388,0,33,0,D_MN01/R03_00.arc,0
687356,0,24,0,D_MN01/R03_00.arc,0
687324,0,4,0,D_MN01/R03_00.arc,0
310524,0,4,0,D_MN01B/R51_00.arc,0
386404,0,5,0,D_MN01/R08_00.arc,0
386372,0,135,0,D_MN01/R08_00.arc,0
254928,0,135,0,D_MN01/R07_00.arc,0
254960,0,65,0,D_MN01/R07_00.arc,0
450700,0,50,0,D_MN01/R10_00.arc,0
450668,0,53,0,D_MN01/R10_00.arc,0
534968,0,233,0,D_MN01/R00_00.arc,0
535000,0,2,0,D_MN01/R00_00.arc,0
480132,0,5,0,D_MN01/R01_00.arc,0
531140,0,4,0,D_MN01/R05_00.arc,0
327248,0,67,0,D_MN01/R12_00.arc,0
327216,0,5,0,D_MN01/R12_00.arc,0
274112,0,70,0,D_MN01/R11_00.arc,0
274144,0,33,0,D_MN01/R11_00.arc,0
274176,0,14,0,D_MN01/R11_00.arc,0
455480,0,155,0,D_MN01/R13_00.arc,0
455512,0,6,0,D_MN01/R13_00.arc,0
593932,0,151,0,D_MN08/R11_00.arc,0
516236,0,140,0,D_MN08/R07_00.arc,0
593964,0,140,0,D_MN08/R11_00.arc,0
546576,0,140,0,D_MN08/R08_00.arc,0
501624,0,4,0,D_MN08/R04_00.arc,0
501656,0,5,0,D_MN08/R04_00.arc,0
501592,0,6,0,D_MN08/R04_00.arc,0
501560,0,140,0,D_MN08/R04_00.arc,0
634336,0,81,0,D_MN08/R05_00.arc,0
634368,0,5,0,D_MN08/R05_00.arc,0
634304,0,140,0,D_MN08/R05_00.arc,0
634400,0,189,0,D_MN08/R05_00.arc,0
459712,0,5,0,D_MN08/R01_00.arc,0
459744,0,140,0,D_MN08/R01_00.arc,0
611080,0,140,0,D_MN08/R02_00.arc,0
611144,0,172,0,D_MN08/R02_00.arc,0
611112,0,6,0,D_MN08/R02_00.arc,0
329144,0,6,0,D_MN11/R07_00.arc,0
401460,0,246,0,D_MN11/R11_00.arc,0
650416,0,245,0,D_MN11B/R51_00.arc,0
443664,0,101,0,D_MN11/R04_00.arc,0
443632,0,23,0,D_MN11/R04_00.arc,0
443600,0,137,0,D_MN11/R04_00.arc,0
541900,0,33,0,D_MN11/R00_00.arc,0
607468,0,2,0,D_MN11/R00_00.arc,0
541964,0,3,0,D_MN11/R00_00.arc,0
106775,0,10,1,bmgres5.arc,0
340140,0,137,0,D_MN11/R05_00.arc,0
340108,0,244,0,D_MN11/R05_00.arc,0
477496,0,6,0,D_MN11/R09_00.arc,0
477464,0,4,0,D_MN11/R09_00.arc,0
443568,0,137,0,D_MN11/R04_00.arc,0
367072,0,33,0,D_MN11/R08_00.arc,0
367008,0,137,0,D_MN11/R08_00.arc,0
367040,0,169,0,D_MN11/R08_00.arc,0
309132,0,138,0,D_MN06/R03_00.arc,0
309164,0,6,0,D_MN06/R03_00.arc,0
309100,0,33,0,D_MN06/R03_00.arc,0
246736,0,149,0,D_MN06/R06_00.arc,0
315824,0,4,0,D_MN06/R07_00.arc,0
578188,0,3,0,D_MN06B/R51_00.arc,0
270008,0,187,0,D_MN06/R01_00.arc,0
270040,0,130,0,D_MN06/R01_00.arc,0
270072,0,5,0,D_MN06/R01_00.arc,0
246768,0,5,0,D_MN06/R06_00.arc,0
315792,0,138,0,D_MN06/R07_00.arc,0
355372,0,138,0,D_MN06/R00_00.arc,0
477500,0,170,0,D_MN06/R04_00.arc,0
477532,0,4,0,D_MN06/R04_00.arc,0
364996,0,33,0,D_MN06/R05_00.arc,0
365028,0,5,0,D_MN06/R05_00.arc,0
1057752,0,6,0,F_SP124/R00_00.arc,0
1057784,0,6,0,F_SP124/R00_00.arc,0
1057720,0,74,0,F_SP124/R00_00.arc,0
1057848,0,10,0,F_SP124/R00_00.arc,0
1057880,0,33,0,F_SP124/R00_00.arc,0
1057656,0,33,0,F_SP124/R00_00.arc,0
1057944,0,33,0,F_SP124/R00_00.arc,0
1057912,0,3,0,F_SP124/R00_00.arc,0
1057624,0,11,0,F_SP124/R00_00.arc,0
1057688,0,33,0,F_SP124/R00_00.arc,0
1057592,0,4,0,F_SP124/R00_00.arc,0
1057816,0,3,0,F_SP124/R00_00.arc,0
898960,0,233,0,R_SP01/R04_00.arc,0
137951,0,4,1,bmgres1.arc,0
588716,0,4,0,R_SP01/R07_00.arc,0
145327,0,18,1,bmgres1.arc,0
141127,0,16,1,bmgres1.arc,0
134447,0,11,1,bmgres1.arc,0
796100,0,72,0,R_SP01/R00_00.arc,0
104871,0,5,1,bmgres6.arc,0
105815,0,4,1,bmgres6.arc,0
120824,0,4,0,F_SP114/R02_00.arc,0
695300,0,6,0,F_SP110/R00_00.arc,0
100135,0,5,1,bmgres6.arc,0
752980,0,129,0,F_SP121/R00_00.arc,0
752948,0,33,0,F_SP121/R00_00.arc,0
1039456,0,5,0,D_SB02/R00_00.arc,0
1039392,0,6,0,D_SB02/R00_00.arc,0
1039424,0,33,0,D_SB02/R00_00.arc,0
1376044,0,34,0,F_SP109/R00_00.arc,0
580048,0,4,0,D_SB04/R10_00.arc,0
579984,0,3,0,D_SB04/R10_00.arc,0
580016,0,3,0,D_SB04/R10_00.arc,0
774840,0,5,0,F_SP121/R03_00.arc,0
774808,0,128,0,F_SP121/R03_00.arc,0
774155,0,80,0,F_SP121/R03_00.arc,0
108143,0,34,1,bmgres2.arc,0
105503,0,33,1,bmgres2.arc,0
1055736,0,4,0,F_SP111/R00_00.arc,0
664712,0,33,0,R_SP109/R02_00.arc,0
1376076,0,4,0,F_SP109/R00_00.arc,0
762972,0,68,0,R_SP109/R04_00.arc,0
102183,0,4,1,bmgres2.arc,0
99583,0,4,1,bmgres2.arc,0
101239,0,6,1,bmgres2.arc,0
100640,0,14,1,bmgres6.arc,0
103103,0,14,1,bmgres6.arc,0
163320,0,11,0,F_SP108/R14_00.arc,0
163352,0,238,0,F_SP108/R14_00.arc,0
725844,0,6,0,F_SP108/R05_00.arc,0
963684,0,33,0,F_SP108/R06_00.arc,0
748024,0,6,0,D_SB10/R00_00.arc,0
742176,0,6,0,F_SP121/R06_00.arc,0
741623,0,3,0,F_SP121/R06_00.arc,0
1229280,0,33,0,F_SP117/R03_00.arc,0
764196,0,5,0,F_SP117/R02_00.arc,0
1229248,0,4,0,F_SP117/R03_00.arc,0
1053756,0,4,0,F_SP118/R03_00.arc,0
103207,0,4,1,bmgres5.arc,0
54663,0,4,2,Prayer.arc,0
976360,0,33,0,F_SP116/R04_00.arc,0
127207,0,145,1,bmgres4.arc,0
127103,0,4,1,bmgres4.arc,0
124831,0,5,1,bmgres4.arc,0
702920,0,5,0,F_SP122/R08_00.arc,0
785252,0,14,0,F_SP121/R13_00.arc,0
785316,0,3,0,F_SP121/R13_00.arc,0
785284,0,4,0,F_SP121/R13_00.arc,0
644032,0,4,0,F_SP121/R10_00.arc,0
103572,0,5,0,F_SP121/R11_00.arc,0
849968,0,3,0,D_SB00/R00_00.arc,0
1318364,0,6,0,F_SP122/R16_00.arc,0
1318396,0,6,0,F_SP122/R16_00.arc,0
1318332,0,33,0,F_SP122/R16_00.arc,0
82359,0,33,1,bmgres8.arc,0
85207,0,3,1,bmgres8.arc,0
85287,0,63,1,bmgres8.arc,0
914204,0,4,0,D_SB03/R00_00.arc,0
914236,0,69,0,D_SB03/R00_00.arc,0
913916,0,33,0,D_SB03/R00_00.arc,0
914108,0,4,0,D_SB03/R00_00.arc,0
914044,0,4,0,D_SB03/R00_00.arc,0
914332,0,12,0,D_SB03/R00_00.arc,0
913948,0,4,0,D_SB03/R00_00.arc,0
914172,0,2,0,D_SB03/R00_00.arc,0
914300,0,4,0,D_SB03/R00_00.arc,0
914140,0,4,0,D_SB03/R00_00.arc,0
914364,0,4,0,D_SB03/R00_00.arc,0
914012,0,14,0,D_SB03/R00_00.arc,0
914076,0,5,0,D_SB03/R00_00.arc,0
914268,0,6,0,D_SB03/R00_00.arc,0
913980,0,233,0,D_SB03/R00_00.arc,0
785056,0,33,0,F_SP115/R01_00.arc,0
785120,0,6,0,F_SP115/R01_00.arc,0
785088,0,33,0,F_SP115/R01_00.arc,0
785216,0,33,0,F_SP115/R01_00.arc,0
785184,0,5,0,F_SP115/R01_00.arc,0
785152,0,49,0,F_SP115/R01_00.arc,0
785248,0,10,0,F_SP115/R01_00.arc,0
1177599,0,4,0,F_SP127/R00_00.arc,0
14364,0,4,1,bmgres7.arc,1
14084,0,4,1,bmgres7.arc,1
83351,0,5,1,bmgres8.arc,0
769072,0,10,0,F_SP113/R01_00.arc,0
769040,0,5,0,F_SP113/R01_00.arc,0
752248,0,6,0,F_SP113/R00_00.arc,0
752216,0,5,0,F_SP113/R00_00.arc,0
81271,0,23,1,bmgres7.arc,0
//DZX
37884,16,System.Byte[]
10505,59,System.Byte[]
40066,59,System.Byte[]
54233,37,System.Byte[]
16922,38,System.Byte[]
3049,35,System.Byte[]
17796,38,System.Byte[]
40508,63,System.Byte[]
9821,56,System.Byte[]
18580,56,System.Byte[]
54217,35,System.Byte[]
38632,35,System.Byte[]
45737,56,System.Byte[]
60232,56,System.Byte[]
15997,39,System.Byte[]
920,56,System.Byte[]
32297,56,System.Byte[]
34512,48,System.Byte[]
42355,46,System.Byte[]
28287,68,System.Byte[]
48998,45,System.Byte[]
12301,45,System.Byte[]
16668,45,System.Byte[]
29892,36,System.Byte[]
4638,36,System.Byte[]
53717,36,System.Byte[]
56199,56,System.Byte[]
45658,56,System.Byte[]
62108,36,System.Byte[]
9999,54,System.Byte[]
53830,54,System.Byte[]
49555,55,System.Byte[]
12446,55,System.Byte[]
27909,38,System.Byte[]
8544,56,System.Byte[]
21734,56,System.Byte[]
23506,56,System.Byte[]
20649,56,System.Byte[]
42052,38,System.Byte[]
59476,36,System.Byte[]
54952,36,System.Byte[]
28046,36,System.Byte[]
53259,57,System.Byte[]
3270,57,System.Byte[]
581,39,System.Byte[]
47463,57,System.Byte[]
18692,35,System.Byte[]
47906,57,System.Byte[]
26163,52,System.Byte[]
56716,52,System.Byte[]
16387,52,System.Byte[]
64235,52,System.Byte[]
17043,52,System.Byte[]
42662,39,System.Byte[]
40269,52,System.Byte[]
20286,39,System.Byte[]
12911,52,System.Byte[]
26210,52,System.Byte[]
52100,61,System.Byte[]
54589,50,System.Byte[]
//POE
24,31,224
24,32,224
24,30,224
24,33,224
12,84,224
12,85,224
27,127,224
27,21,224
27,114,224
9,24,224
9,25,224
59,92,224
59,91,224
59,95,224
37,15,224
37,16,224
59,51,224
51,123,224
51,125,224
51,127,224
51,126,224
51,124,224
47,89,224
63,64,224
32,96,224
56,58,224
48,87,224
48,88,224
46,94,224
46,95,224
45,93,224
56,57,224
54,16,224
54,17,224
54,15,224
54,30,224
55,120,224
55,5,224
31,69,224
31,70,224
31,71,224
57,71,224
73,31,224
57,73,224
56,59,224
56,51,224
35,11,224
35,10,224
57,48,224
52,77,224
52,71,224
52,70,224
52,75,224
52,76,224
33,95,224
33,94,224
33,93,224
61,72,224
50,74,224
50,73,224
//REL
0,224,13948,939524237
0,50,3088,945815586
0,237,11444,947912710
0,691,3876,947912710
0,50,32064,945815556
//Boss
25,79
0,34
7,5
4,5
1,5
28,4
10,4
56,33
55,70
53,4
//BugRewards
213,81
193,233
195,233
215,33
211,6
199,33
207,5
205,34
201,67
203,63
209,6
197,14
212,26
192,3
194,4
214,4
210,5
198,3
206,33
204,14
200,5
202,233
208,33
196,5
//SkyCharacter
59,0,5
56,0,5
56,0,33
45,0,26
57,0,5
56,0,5
